1 0.8375 0.265625 0.05 0.0625
1 0.778125 0.2734375 0.053125 0.065625
1 0.68125 0.3203125 0.059375 0.0875
1 0.609375 0.34375 0.0625 0.09375
1 0.8875 0.3578125 0.046875 0.08125
1 0.45 0.4015625 0.075 0.1
1 0.25 0.415625 0.09375 0.121875
1 0.8296875 0.4390625 0.071875 0.140625
1 0.753125 0.453125 0.1125 0.15
1 0.071875 0.45625 0.1375 0.153125
1 0.4390625 0.053125 0.071875 0.09375
1 0.3421875 0.534375 0.15 0.23125
1 0.65 0.5390625 0.153125 0.203125
1 0.946875 0.096875 0.05625 0.0875
1 0.590625 0.1484375 0.04375 0.05